<?xml version="1.0" encoding="UTF-8" standalone="no" ?>
<COLLADA xmlns="http://www.collada.org/2005/11/COLLADASchema" version="1.4.1">
    <asset>
        <contributor>
            <authoring_tool>SketchUp 18.0.16975</authoring_tool>
        </contributor>
        <created>2019-04-08T13:14:14Z</created>
        <modified>2019-04-08T13:14:14Z</modified>
        <unit meter="0.0254" name="inch" />
        <up_axis>Z_UP</up_axis>
    </asset>
    <library_cameras>
        <camera id="ID1" name="skp_camera_Last_Saved_SketchUp_View">
            <optics>
                <technique_common>
                    <perspective>
                        <yfov>41.46252</yfov>
                        <aspect_ratio>0</aspect_ratio>
                        <znear>1</znear>
                        <zfar>1000</zfar>
                    </perspective>
                </technique_common>
            </optics>
        </camera>
        <camera id="ID2" name="skp_camera_thumbnail">
            <optics>
                <technique_common>
                    <perspective>
                        <yfov>41.46252</yfov>
                        <aspect_ratio>0</aspect_ratio>
                        <znear>1</znear>
                        <zfar>1000</zfar>
                    </perspective>
                </technique_common>
            </optics>
        </camera>
    </library_cameras>
    <library_visual_scenes>
        <visual_scene id="ID3">
            <node name="SketchUp">
                <node name="skp_camera_Last_Saved_SketchUp_View">
                    <matrix>-0.7060139 -0.2428008 -0.665276 -6721.932 -0.708198 0.242052 0.6632243 3881.961 5.551115e-17 0.9393927 -0.3428431 -96.72178 0 0 0 1</matrix>
                    <instance_camera url="#ID1" />
                </node>
                <node name="skp_camera_thumbnail">
                    <matrix>-0.7060139 -0.2428008 -0.665276 -6195.723 -0.708198 0.242052 0.6632243 3179.203 0 0.9393927 -0.3428431 133.7898 0 0 0 1</matrix>
                    <instance_camera url="#ID2" />
                </node>
                <node id="ID4" name="group_0">
                    <matrix>0.9605446 -0.01235943 3.111446e-05 -2416.252 0.01506207 0.978474 0.0001905053 -7535.497 3.246792e-05 0.0001843827 1.000004 42.30649 0 0 0 1</matrix>
                    <instance_geometry url="#ID5">
                        <bind_material>
                            <technique_common>
                                <instance_material symbol="Material2" target="#ID6">
                                    <bind_vertex_input semantic="UVSET0" input_semantic="TEXCOORD" input_set="0" />
                                </instance_material>
                            </technique_common>
                        </bind_material>
                    </instance_geometry>
                    <instance_geometry url="#ID18">
                        <bind_material>
                            <technique_common>
                                <instance_material symbol="Material2" target="#ID6">
                                    <bind_vertex_input semantic="UVSET0" input_semantic="TEXCOORD" input_set="0" />
                                </instance_material>
                            </technique_common>
                        </bind_material>
                    </instance_geometry>
                    <instance_geometry url="#ID26">
                        <bind_material>
                            <technique_common>
                                <instance_material symbol="Material2" target="#ID27">
                                    <bind_vertex_input semantic="UVSET0" input_semantic="TEXCOORD" input_set="0" />
                                </instance_material>
                            </technique_common>
                        </bind_material>
                    </instance_geometry>
                </node>
                <node id="ID32" name="group_1">
                    <matrix>1 0 0 -5295.008 0 1 0 -6271.601 0 0 1 89.04285 0 0 0 1</matrix>
                    <instance_geometry url="#ID33">
                        <bind_material>
                            <technique_common>
                                <instance_material symbol="Material2" target="#ID6">
                                    <bind_vertex_input semantic="UVSET0" input_semantic="TEXCOORD" input_set="0" />
                                </instance_material>
                            </technique_common>
                        </bind_material>
                    </instance_geometry>
                    <instance_geometry url="#ID41">
                        <bind_material>
                            <technique_common>
                                <instance_material symbol="Material2" target="#ID42">
                                    <bind_vertex_input semantic="UVSET0" input_semantic="TEXCOORD" input_set="0" />
                                </instance_material>
                            </technique_common>
                        </bind_material>
                    </instance_geometry>
                </node>
                <node id="ID54" name="group_2">
                    <matrix>1 0 0 -4284.164 0 1 0 -7535.309 0 0 1 101.552 0 0 0 1</matrix>
                    <instance_geometry url="#ID889">
                        <bind_material>
                            <technique_common>
                                <instance_material symbol="Material2" target="#ID890">
                                    <bind_vertex_input semantic="UVSET0" input_semantic="TEXCOORD" input_set="0" />
                                </instance_material>
                            </technique_common>
                        </bind_material>
                    </instance_geometry>
                    <instance_geometry url="#ID902">
                        <bind_material>
                            <technique_common>
                                <instance_material symbol="Material2" target="#ID72">
                                    <bind_vertex_input semantic="UVSET0" input_semantic="TEXCOORD" input_set="0" />
                                </instance_material>
                            </technique_common>
                        </bind_material>
                    </instance_geometry>
                    <instance_geometry url="#ID908">
                        <bind_material>
                            <technique_common>
                                <instance_material symbol="Material2" target="#ID909">
                                    <bind_vertex_input semantic="UVSET0" input_semantic="TEXCOORD" input_set="0" />
                                </instance_material>
                            </technique_common>
                        </bind_material>
                    </instance_geometry>
                    <instance_geometry url="#ID921">
                        <bind_material>
                            <technique_common>
                                <instance_material symbol="Material2" target="#ID922">
                                    <bind_vertex_input semantic="UVSET0" input_semantic="TEXCOORD" input_set="0" />
                                </instance_material>
                            </technique_common>
                        </bind_material>
                    </instance_geometry>
                    <instance_geometry url="#ID934">
                        <bind_material>
                            <technique_common>
                                <instance_material symbol="Material2" target="#ID59">
                                    <bind_vertex_input semantic="UVSET0" input_semantic="TEXCOORD" input_set="0" />
                                </instance_material>
                            </technique_common>
                        </bind_material>
                    </instance_geometry>
                    <instance_geometry url="#ID942">
                        <bind_material>
                            <technique_common>
                                <instance_material symbol="Material2" target="#ID72">
                                    <bind_vertex_input semantic="UVSET0" input_semantic="TEXCOORD" input_set="0" />
                                </instance_material>
                            </technique_common>
                        </bind_material>
                    </instance_geometry>
                    <instance_geometry url="#ID948">
                        <bind_material>
                            <technique_common>
                                <instance_material symbol="Material2" target="#ID890">
                                    <bind_vertex_input semantic="UVSET0" input_semantic="TEXCOORD" input_set="0" />
                                </instance_material>
                            </technique_common>
                        </bind_material>
                    </instance_geometry>
                    <instance_geometry url="#ID956">
                        <bind_material>
                            <technique_common>
                                <instance_material symbol="Material2" target="#ID957">
                                    <bind_vertex_input semantic="UVSET0" input_semantic="TEXCOORD" input_set="0" />
                                </instance_material>
                            </technique_common>
                        </bind_material>
                    </instance_geometry>
                    <instance_geometry url="#ID969">
                        <bind_material>
                            <technique_common>
                                <instance_material symbol="Material2" target="#ID72">
                                    <bind_vertex_input semantic="UVSET0" input_semantic="TEXCOORD" input_set="0" />
                                </instance_material>
                            </technique_common>
                        </bind_material>
                    </instance_geometry>
                    <instance_geometry url="#ID975">
                        <bind_material>
                            <technique_common>
                                <instance_material symbol="Material2" target="#ID976">
                                    <bind_vertex_input semantic="UVSET0" input_semantic="TEXCOORD" input_set="0" />
                                </instance_material>
                            </technique_common>
                        </bind_material>
                    </instance_geometry>
                    <instance_geometry url="#ID988">
                        <bind_material>
                            <technique_common>
                                <instance_material symbol="Material2" target="#ID989">
                                    <bind_vertex_input semantic="UVSET0" input_semantic="TEXCOORD" input_set="0" />
                                </instance_material>
                            </technique_common>
                        </bind_material>
                    </instance_geometry>
                    <instance_geometry url="#ID1001">
                        <bind_material>
                            <technique_common>
                                <instance_material symbol="Material2" target="#ID72">
                                    <bind_vertex_input semantic="UVSET0" input_semantic="TEXCOORD" input_set="0" />
                                </instance_material>
                            </technique_common>
                        </bind_material>
                    </instance_geometry>
                    <instance_geometry url="#ID1007">
                        <bind_material>
                            <technique_common>
                                <instance_material symbol="Material2" target="#ID922">
                                    <bind_vertex_input semantic="UVSET0" input_semantic="TEXCOORD" input_set="0" />
                                </instance_material>
                            </technique_common>
                        </bind_material>
                    </instance_geometry>
                    <instance_geometry url="#ID1015">
                        <bind_material>
                            <technique_common>
                                <instance_material symbol="Material2" target="#ID909">
                                    <bind_vertex_input semantic="UVSET0" input_semantic="TEXCOORD" input_set="0" />
                                </instance_material>
                            </technique_common>
                        </bind_material>
                    </instance_geometry>
                    <instance_geometry url="#ID1023">
                        <bind_material>
                            <technique_common>
                                <instance_material symbol="Material2" target="#ID59">
                                    <bind_vertex_input semantic="UVSET0" input_semantic="TEXCOORD" input_set="0" />
                                </instance_material>
                            </technique_common>
                        </bind_material>
                    </instance_geometry>
                    <instance_geometry url="#ID1031">
                        <bind_material>
                            <technique_common>
                                <instance_material symbol="Material2" target="#ID909">
                                    <bind_vertex_input semantic="UVSET0" input_semantic="TEXCOORD" input_set="0" />
                                </instance_material>
                            </technique_common>
                        </bind_material>
                    </instance_geometry>
                    <instance_geometry url="#ID1039">
                        <bind_material>
                            <technique_common>
                                <instance_material symbol="Material2" target="#ID72">
                                    <bind_vertex_input semantic="UVSET0" input_semantic="TEXCOORD" input_set="0" />
                                </instance_material>
                            </technique_common>
                        </bind_material>
                    </instance_geometry>
                    <instance_geometry url="#ID1045">
                        <bind_material>
                            <technique_common>
                                <instance_material symbol="Material2" target="#ID59">
                                    <bind_vertex_input semantic="UVSET0" input_semantic="TEXCOORD" input_set="0" />
                                </instance_material>
                            </technique_common>
                        </bind_material>
                    </instance_geometry>
                    <instance_geometry url="#ID1053">
                        <bind_material>
                            <technique_common>
                                <instance_material symbol="Material2" target="#ID72">
                                    <bind_vertex_input semantic="UVSET0" input_semantic="TEXCOORD" input_set="0" />
                                </instance_material>
                            </technique_common>
                        </bind_material>
                    </instance_geometry>
                    <instance_geometry url="#ID1059">
                        <bind_material>
                            <technique_common>
                                <instance_material symbol="Material2" target="#ID550">
                                    <bind_vertex_input semantic="UVSET0" input_semantic="TEXCOORD" input_set="0" />
                                </instance_material>
                            </technique_common>
                        </bind_material>
                    </instance_geometry>
                    <instance_geometry url="#ID1067">
                        <bind_material>
                            <technique_common>
                                <instance_material symbol="Material2" target="#ID1068">
                                    <bind_vertex_input semantic="UVSET0" input_semantic="TEXCOORD" input_set="0" />
                                </instance_material>
                            </technique_common>
                        </bind_material>
                    </instance_geometry>
                    <instance_geometry url="#ID1080">
                        <bind_material>
                            <technique_common>
                                <instance_material symbol="Material2" target="#ID550">
                                    <bind_vertex_input semantic="UVSET0" input_semantic="TEXCOORD" input_set="0" />
                                </instance_material>
                            </technique_common>
                        </bind_material>
                    </instance_geometry>
                    <instance_geometry url="#ID1088">
                        <bind_material>
                            <technique_common>
                                <instance_material symbol="Material2" target="#ID909">
                                    <bind_vertex_input semantic="UVSET0" input_semantic="TEXCOORD" input_set="0" />
                                </instance_material>
                            </technique_common>
                        </bind_material>
                    </instance_geometry>
                    <instance_geometry url="#ID1096">
                        <bind_material>
                            <technique_common>
                                <instance_material symbol="Material2" target="#ID909">
                                    <bind_vertex_input semantic="UVSET0" input_semantic="TEXCOORD" input_set="0" />
                                </instance_material>
                            </technique_common>
                        </bind_material>
                    </instance_geometry>
                    <instance_geometry url="#ID1104">
                        <bind_material>
                            <technique_common>
                                <instance_material symbol="Material2" target="#ID72">
                                    <bind_vertex_input semantic="UVSET0" input_semantic="TEXCOORD" input_set="0" />
                                </instance_material>
                            </technique_common>
                        </bind_material>
                    </instance_geometry>
                    <instance_geometry url="#ID1110">
                        <bind_material>
                            <technique_common>
                                <instance_material symbol="Material2" target="#ID989">
                                    <bind_vertex_input semantic="UVSET0" input_semantic="TEXCOORD" input_set="0" />
                                </instance_material>
                            </technique_common>
                        </bind_material>
                    </instance_geometry>
                    <instance_geometry url="#ID1118">
                        <bind_material>
                            <technique_common>
                                <instance_material symbol="Material2" target="#ID909">
                                    <bind_vertex_input semantic="UVSET0" input_semantic="TEXCOORD" input_set="0" />
                                </instance_material>
                            </technique_common>
                        </bind_material>
                    </instance_geometry>
                    <instance_geometry url="#ID1126">
                        <bind_material>
                            <technique_common>
                                <instance_material symbol="Material2" target="#ID909">
                                    <bind_vertex_input semantic="UVSET0" input_semantic="TEXCOORD" input_set="0" />
                                </instance_material>
                            </technique_common>
                        </bind_material>
                    </instance_geometry>
                    <instance_geometry url="#ID1134">
                        <bind_material>
                            <technique_common>
                                <instance_material symbol="Material2" target="#ID909">
                                    <bind_vertex_input semantic="UVSET0" input_semantic="TEXCOORD" input_set="0" />
                                </instance_material>
                            </technique_common>
                        </bind_material>
                    </instance_geometry>
                    <instance_geometry url="#ID1142">
                        <bind_material>
                            <technique_common>
                                <instance_material symbol="Material2" target="#ID909">
                                    <bind_vertex_input semantic="UVSET0" input_semantic="TEXCOORD" input_set="0" />
                                </instance_material>
                            </technique_common>
                        </bind_material>
                    </instance_geometry>
                    <instance_geometry url="#ID1150">
                        <bind_material>
                            <technique_common>
                                <instance_material symbol="Material2" target="#ID909">
                                    <bind_vertex_input semantic="UVSET0" input_semantic="TEXCOORD" input_set="0" />
                                </instance_material>
                            </technique_common>
                        </bind_material>
                    </instance_geometry>
                    <instance_geometry url="#ID1158">
                        <bind_material>
                            <technique_common>
                                <instance_material symbol="Material2" target="#ID909">
                                    <bind_vertex_input semantic="UVSET0" input_semantic="TEXCOORD" input_set="0" />
                                </instance_material>
                            </technique_common>
                        </bind_material>
                    </instance_geometry>
                    <instance_geometry url="#ID1166">
                        <bind_material>
                            <technique_common>
                                <instance_material symbol="Material2" target="#ID59">
                                    <bind_vertex_input semantic="UVSET0" input_semantic="TEXCOORD" input_set="0" />
                                </instance_material>
                            </technique_common>
                        </bind_material>
                    </instance_geometry>
                    <instance_geometry url="#ID1174">
                        <bind_material>
                            <technique_common>
                                <instance_material symbol="Material2" target="#ID909">
                                    <bind_vertex_input semantic="UVSET0" input_semantic="TEXCOORD" input_set="0" />
                                </instance_material>
                            </technique_common>
                        </bind_material>
                    </instance_geometry>
                    <instance_geometry url="#ID1182">
                        <bind_material>
                            <technique_common>
                                <instance_material symbol="Material2" target="#ID909">
                                    <bind_vertex_input semantic="UVSET0" input_semantic="TEXCOORD" input_set="0" />
                                </instance_material>
                            </technique_common>
                        </bind_material>
                    </instance_geometry>
                    <instance_geometry url="#ID1190">
                        <bind_material>
                            <technique_common>
                                <instance_material symbol="Material2" target="#ID72">
                                    <bind_vertex_input semantic="UVSET0" input_semantic="TEXCOORD" input_set="0" />
                                </instance_material>
                            </technique_common>
                        </bind_material>
                    </instance_geometry>
                    <instance_geometry url="#ID1196">
                        <bind_material>
                            <technique_common>
                                <instance_material symbol="Material2" target="#ID909">
                                    <bind_vertex_input semantic="UVSET0" input_semantic="TEXCOORD" input_set="0" />
                                </instance_material>
                            </technique_common>
                        </bind_material>
                    </instance_geometry>
                    <instance_geometry url="#ID1204">
                        <bind_material>
                            <technique_common>
                                <instance_material symbol="Material2" target="#ID909">
                                    <bind_vertex_input semantic="UVSET0" input_semantic="TEXCOORD" input_set="0" />
                                </instance_material>
                            </technique_common>
                        </bind_material>
                    </instance_geometry>
                    <instance_geometry url="#ID1212">
                        <bind_material>
                            <technique_common>
                                <instance_material symbol="Material2" target="#ID909">
                                    <bind_vertex_input semantic="UVSET0" input_semantic="TEXCOORD" input_set="0" />
                                </instance_material>
                            </technique_common>
                        </bind_material>
                    </instance_geometry>
                    <instance_geometry url="#ID1220">
                        <bind_material>
                            <technique_common>
                                <instance_material symbol="Material2" target="#ID989">
                                    <bind_vertex_input semantic="UVSET0" input_semantic="TEXCOORD" input_set="0" />
                                </instance_material>
                            </technique_common>
                        </bind_material>
                    </instance_geometry>
                    <instance_geometry url="#ID1228">
                        <bind_material>
                            <technique_common>
                                <instance_material symbol="Material2" target="#ID72">
                                    <bind_vertex_input semantic="UVSET0" input_semantic="TEXCOORD" input_set="0" />
                                </instance_material>
                            </technique_common>
                        </bind_material>
                    </instance_geometry>
                    <instance_geometry url="#ID1234">
                        <bind_material>
                            <technique_common>
                                <instance_material symbol="Material2" target="#ID909">
                                    <bind_vertex_input semantic="UVSET0" input_semantic="TEXCOORD" input_set="0" />
                                </instance_material>
                            </technique_common>
                        </bind_material>
                    </instance_geometry>
                    <instance_geometry url="#ID1242">
                        <bind_material>
                            <technique_common>
                                <instance_material symbol="Material2" target="#ID989">
                                    <bind_vertex_input semantic="UVSET0" input_semantic="TEXCOORD" input_set="0" />
                                </instance_material>
                            </technique_common>
                        </bind_material>
                    </instance_geometry>
                    <node id="ID55" name="group_3">
                        <matrix>0.9583274 0.06638772 3.111446e-05 -138.8621 -0.06516328 0.9764179 0.0001905053 4185.904 1.725071e-05 0.000186423 1.000004 524.1634 0 0 0 1</matrix>
                        <node id="ID56" name="instance_0">
                            <matrix>0.7887641 -0.614696 0 3097.801 0.614696 0.7887641 1.355253e-20 289.1133 -8.330684e-21 -1.068975e-20 1 1.590741e-15 0 0 0 1</matrix>
                            <instance_node url="#ID57" />
                        </node>
                        <node id="ID79" name="instance_1">
                            <matrix>-0.6187377 0.7855977 -5.421011e-20 599.2858 -0.7855977 -0.6187377 0 3495.151 -3.354184e-20 4.258733e-20 1 1.590741e-15 0 0 0 1</matrix>
                            <instance_node url="#ID57" />
                        </node>
                        <node id="ID80" name="instance_2">
                            <matrix>-0.9980173 -0.06294078 -2.710505e-20 2417.379 0.06294078 -0.9980173 -6.776264e-21 4056.576 -2.662481e-20 -8.468841e-21 1 1.590741e-15 0 0 0 1</matrix>
                            <instance_node url="#ID57" />
                        </node>
                        <node id="ID81" name="instance_3">
                            <matrix>0.1827796 -0.9831539 -1.355253e-20 3996.162 0.9831539 0.1827796 0 1429.743 2.477125e-21 -1.332422e-20 1 1.590741e-15 0 0 0 1</matrix>
                            <instance_node url="#ID57" />
                        </node>
                        <node id="ID82" name="instance_4">
                            <matrix>0.9129504 -0.4080705 0 2647.227 0.4080705 0.9129504 6.776264e-21 87.71582 -2.765193e-21 -6.186393e-21 1 1.590741e-15 0 0 0 1</matrix>
                            <instance_node url="#ID57" />
                        </node>
                        <node id="ID83" name="instance_5">
                            <matrix>-0.9129504 0.4080705 5.421011e-20 1439.143 -0.4080705 -0.9129504 6.776264e-21 3999.923 5.225634e-20 -1.593515e-20 1 1.590741e-15 0 0 0 1</matrix>
                            <instance_node url="#ID57" />
                        </node>
                        <node id="ID84" name="instance_6">
                            <matrix>-0.05781581 -0.9983273 6.776264e-21 4086.37 0.9983273 -0.05781581 0 1914.964 3.917752e-22 6.764929e-21 1 1.590741e-15 0 0 0 1</matrix>
                            <instance_node url="#ID57" />
                        </node>
                        <node id="ID85" name="instance_7">
                            <matrix>-0.7052892 -0.7089197 0 3657.978 0.7089197 -0.7052892 0 3302.252 0 0 1 1.590741e-15 0 0 0 1</matrix>
                            <instance_node url="#ID57" />
                        </node>
                        <node id="ID86" name="instance_8">
                            <matrix>0.6187377 -0.7855977 0 3487.084 0.7855977 0.6187377 1.355253e-20 592.4879 -1.064683e-20 -8.385459e-21 1 1.590741e-15 0 0 0 1</matrix>
                            <instance_node url="#ID57" />
                        </node>
                        <node id="ID87" name="instance_9">
                            <matrix>-0.8544504 -0.519533 -2.710505e-20 3309.892 0.519533 -0.8544504 0 3652.13 -2.315992e-20 -1.408197e-20 1 1.590741e-15 0 0 0 1</matrix>
                            <instance_node url="#ID57" />
                        </node>
                        <node id="ID88" name="instance_10">
                            <matrix>-0.2950511 -0.9554815 -6.776264e-21 4057.836 0.9554815 -0.2950511 0 2407.675 -1.999344e-21 -6.474594e-21 1 1.590741e-15 0 0 0 1</matrix>
                            <instance_node url="#ID57" />
                        </node>
                        <node id="ID89" name="instance_11">
                            <matrix>-0.1827796 0.9831539 -1.355253e-20 90.2083 -0.9831539 -0.1827796 2.710505e-20 2657.897 2.417132e-20 1.827847e-20 1 1.590741e-15 0 0 0 1</matrix>
                            <instance_node url="#ID57" />
                        </node>
                        <node id="ID90" name="instance_12">
                            <matrix>0.9980173 0.06294078 -2.710505e-20 1668.991 -0.06294078 0.9980173 0 31.06354 2.705131e-20 1.706013e-21 1 1.590741e-15 0 0 0 1</matrix>
                            <instance_node url="#ID57" />
                        </node>
                        <node id="ID91" name="instance_13">
                            <matrix>-0.7887641 0.614696 0 988.5693 -0.614696 -0.7887641 -1.355253e-20 3798.526 -8.330684e-21 -1.068975e-20 1 1.590741e-15 0 0 0 1</matrix>
                            <instance_node url="#ID57" />
                        </node>
                        <node id="ID92" name="instance_14">
                            <matrix>-0.9840794 0.1777293 -2.710505e-20 1924.822 -0.1777293 -0.9840794 3.388132e-21 4087.639 -2.607136e-20 8.151554e-21 1 1.590741e-15 0 0 0 1</matrix>
                            <instance_node url="#ID57" />
                        </node>
                        <node id="ID93" name="instance_15">
                            <matrix>0.9840794 -0.1777293 5.421011e-20 2161.548 0.1777293 0.9840794 6.776264e-21 -5.690026e-11 -5.455139e-20 2.966345e-21 1 1.590741e-15 0 0 0 1</matrix>
                            <instance_node url="#ID57" />
                        </node>
                        <node id="ID94" name="instance_16">
                            <matrix>-0.5151392 -0.8571065 -6.776264e-21 3912.217 0.8571065 -0.5151392 0 2879.239 -3.490719e-21 -5.80798e-21 1 1.590741e-15 0 0 0 1</matrix>
                            <instance_node url="#ID57" />
                        </node>
                        <node id="ID95" name="instance_17">
                            <matrix>0.4127525 -0.9108432 0 3792.453 0.9108432 0.4127525 0 980.2086 -0 0 1 1.590741e-15 0 0 0 1</matrix>
                            <instance_node url="#ID57" />
                        </node>
                        <node id="ID96" name="instance_18">
                            <matrix>-0.4127525 0.9108432 0 293.9165 -0.9108432 -0.4127525 -2.710505e-20 3107.431 -2.468846e-20 -1.118768e-20 1 1.590741e-15 0 0 0 1</matrix>
                            <instance_node url="#ID57" />
                        </node>
                        <node id="ID97" name="instance_19">
                            <matrix>0.05781581 0.9983273 0 3.109457e-12 -0.9983273 0.05781581 2.710505e-20 2172.675 2.705971e-20 -1.567101e-21 1 1.590741e-15 0 0 0 1</matrix>
                            <instance_node url="#ID57" />
                        </node>
                        <node id="ID98" name="instance_20">
                            <matrix>0.8544504 0.519533 0 776.4779 -0.519533 0.8544504 2.710505e-20 435.5094 1.408197e-20 -2.315992e-20 1 1.590741e-15 0 0 0 1</matrix>
                            <instance_node url="#ID57" />
                        </node>
                        <node id="ID99" name="instance_21">
                            <matrix>0.7052892 0.7089197 -1.355253e-20 428.3923 -0.7089197 0.7052892 2.710505e-20 785.3868 2.877376e-20 -9.509248e-21 1 1.590741e-15 0 0 0 1</matrix>
                            <instance_node url="#ID57" />
                        </node>
                        <node id="ID100" name="instance_22">
                            <matrix>-0.953954 -0.299953 -2.710505e-20 2888.19 0.299953 -0.953954 2.710505e-20 3908.538 -3.398722e-20 1.772673e-20 1 1.590741e-15 0 0 0 1</matrix>
                            <instance_node url="#ID57" />
                        </node>
                        <node id="ID101" name="instance_23">
                            <matrix>0.5151392 0.8571065 0 174.1526 -0.8571065 0.5151392 -5.421011e-20 1208.4 -4.646384e-20 2.792575e-20 1 1.590741e-15 0 0 0 1</matrix>
                            <instance_node url="#ID57" />
                        </node>
                        <node id="ID102" name="instance_24">
                            <matrix>0.2950511 0.9554815 8.470329e-21 28.53419 -0.9554815 0.2950511 0 1679.964 -2.49918e-21 -8.093243e-21 1 1.590741e-15 0 0 0 1</matrix>
                            <instance_node url="#ID57" />
                        </node>
                        <node id="ID103" name="instance_25">
                            <matrix>0.953954 0.299953 0 1198.18 -0.299953 0.953954 1.355253e-20 179.1012 4.065121e-21 -1.292849e-20 1 1.590741e-15 0 0 0 1</matrix>
                            <instance_node url="#ID57" />
                        </node>
                    </node>
                    <node id="ID104" name="group_4">
                        <matrix>0.9583274 0.06638772 3.111446e-05 -138.8058 -0.06516328 0.9764179 0.0001905053 4186.249 1.725071e-05 0.000186423 1.000004 2335.195 0 0 0 1</matrix>
                        <instance_geometry url="#ID105">
                            <bind_material>
                                <technique_common>
                                    <instance_material symbol="Material2" target="#ID72">
                                        <bind_vertex_input semantic="UVSET0" input_semantic="TEXCOORD" input_set="0" />
                                    </instance_material>
                                    <instance_material symbol="Material3" target="#ID110">
                                        <bind_vertex_input semantic="UVSET0" input_semantic="TEXCOORD" input_set="0" />
                                    </instance_material>
                                </technique_common>
                            </bind_material>
                        </instance_geometry>
                    </node>
                    <node id="ID113" name="group_5">
                        <matrix>0.9583274 0.06638772 3.111446e-05 -138.818 -0.06516328 0.9764179 0.0001905053 4186.174 1.725071e-05 0.000186423 1.000004 1941.492 0 0 0 1</matrix>
                        <node id="ID114" name="instance_26">
                            <matrix>-0.5151392 -0.8571065 -1.355253e-20 3912.217 0.8571065 -0.5151392 -2.710505e-20 2879.239 1.625048e-20 -2.557884e-20 1 4.563381e-13 0 0 0 1</matrix>
                            <instance_node url="#ID57" />
                        </node>
                        <node id="ID115" name="instance_27">
                            <matrix>-0.953954 -0.299953 -2.710505e-20 2888.19 0.299953 -0.953954 1.355253e-20 3908.538 -2.99221e-20 4.798245e-21 1 4.563381e-13 0 0 0 1</matrix>
                            <instance_node url="#ID57" />
                        </node>
                        <node id="ID116" name="instance_28">
                            <matrix>0.7887641 -0.614696 2.710505e-20 3097.801 0.614696 0.7887641 1.355253e-20 289.1133 -2.971018e-20 5.971622e-21 1 4.563381e-13 0 0 0 1</matrix>
                            <instance_node url="#ID57" />
                        </node>
                        <node id="ID117" name="instance_29">
                            <matrix>-0.9129504 0.4080705 -2.710505e-20 1439.143 -0.4080705 -0.9129504 -1.355253e-20 3999.923 -3.027596e-20 -1.312014e-21 1 4.563381e-13 0 0 0 1</matrix>
                            <instance_node url="#ID57" />
                        </node>
                        <node id="ID118" name="instance_30">
                            <matrix>-0.05781581 -0.9983273 -1.355253e-20 4086.37 0.9983273 -0.05781581 -2.710505e-20 1914.964 2.627616e-20 -1.509696e-20 1 4.563381e-13 0 0 0 1</matrix>
                            <instance_node url="#ID57" />
                        </node>
                        <node id="ID119" name="instance_31">
                            <matrix>0.9840794 -0.1777293 0 2161.548 0.1777293 0.9840794 1.524659e-20 -1.864464e-11 -2.709767e-21 -1.500386e-20 1 4.563381e-13 0 0 0 1</matrix>
                            <instance_node url="#ID57" />
                        </node>
                        <node id="ID120" name="instance_32">
